Testing...
Testing...
in(1) = 32767 + i*0;
in(2) = 32767 + i*0;
in(3) = 32767 + i*0;
in(4) = 32767 + i*0;
in(5) = 32767 + i*0;
in(6) = 0 + i*0;
in(7) = 0 + i*0;
in(8) = 0 + i*0;
in(9) = 0 + i*0;
in(10) = 0 + i*0;
in(11) = 0 + i*0;
in(12) = 32767 + i*0;
in(13) = 32767 + i*0;
in(14) = 32767 + i*0;
in(15) = 32767 + i*0;
in(16) = 32767 + i*0;
