out(1) = 22527 + i*0;
out(2) = 8727 + i*0;
out(3) = -4945 + i*0;
out(4) = 718 + i*0;
out(5) = 2048 + i*0;
out(6) = -2417 + i*-1;
out(7) = 848 + i*0;
out(8) = 1159 + i*0;
out(9) = -2048 + i*0;
out(10) = 1159 + i*-1;
out(11) = 848 + i*0;
out(12) = -2416 + i*-1;
out(13) = 2048 + i*0;
out(14) = 719 + i*-1;
out(15) = -4945 + i*0;
out(16) = 8727 + i*-2;
